FIPS,POP2000,POP2010,POP_CHANGE
"01001",43671,51766,8095
"01003",140415,186407,45992
"01005",29038,28759,-279
"01007",20826,21801,975
"01009",51024,57566,6542
"01011",11714,10926,-788
"01013",21399,20159,-1240
"01015",112249,113252,1003
"01017",36583,34772,-1811
"01019",23988,24277,289
"01021",39593,42721,3128
"01023",15922,14318,-1604
"01025",27867,26560,-1307
"01027",14254,13878,-376
"01029",14123,14874,751
"01031",43615,48378,4763
"01033",54984,54715,-269
"01035",14089,13266,-823
"01037",12202,11344,-858
"01039",37631,36768,-863
"01041",13665,13812,147
"01043",77483,82529,5046
"01045",49129,48162,-967
"01047",46365,42841,-3524
"01049",64452,68813,4361
"01051",65874,80859,14985
"01053",38440,37531,-909
"01055",103459,104228,769
"01057",18495,17690,-805
"01059",31223,30918,-305
"01061",25764,26158,394
"01063",9974,9278,-696
"01065",17185,18594,1409
"01067",16310,16876,566
"01069",88787,100902,12115
"01071",53926,53366,-560
"01073",662047,662628,581
"01075",15904,14368,-1536
"01077",87966,89528,1562
"01079",34803,34123,-680
"01081",115092,137345,22253
"01083",65676,78950,13274
"01085",13473,12852,-621
"01087",24105,22463,-1642
"01089",276700,329008,52308
"01091",22539,21292,-1247
"01093",31214,29828,-1386
"01095",82231,90261,8030
"01097",399843,410234,10391
"01099",24324,23425,-899
"01101",223510,227425,3915
"01103",111064,117652,6588
"01105",11861,10680,-1181
"01107",20949,19854,-1095
"01109",29605,30173,568
"01111",22380,22785,405
"01113",49756,51860,2104
"01115",64742,83854,19112
"01117",143293,196034,52741
"01119",14798,13252,-1546
"01121",80321,80412,91
"01123",41475,40715,-760
"01125",164875,181821,16946
"01127",70713,69270,-1443
"01129",18097,17370,-727
"01131",13183,12943,-240
"01133",24843,24124,-719
"02013",2697,2844,147
"02016",5465,4493,-972
"02020",260283,287705,27422
"02050",16006,16954,948
"02060",1258,986,-272
"02068",1893,1832,-61
"02070",4922,4812,-110
"02090",82840,95574,12734
"02100",2392,2292,-100
"02110",30711,30761,50
"02122",49691,54058,4367
"02130",14070,13100,-970
"02150",13913,13556,-357
"02164",1823,1496,-327
"02170",59322,88380,29058
"02180",9196,9358,162
"02185",7385,6685,-700
"02188",7208,7406,198
"02201",6146,5496,-650
"02220",8835,8857,22
"02232",3436,2980,-456
"02240",6174,7114,940
"02261",10195,9240,-955
"02270",7028,7772,744
"02280",6684,5804,-880
"02282",808,640,-168
"02290",6551,5556,-995
"04001",69423,73396,3973
"04003",117755,137424,19669
"04005",116320,133020,16700
"04007",51335,53596,2261
"04009",33489,38861,5372
"04011",8547,8499,-48
"04012",19715,20565,850
"04013",3072149,4088920,1016771
"04015",155032,204806,49774
"04017",97470,115613,18143
"04019",843746,1021553,177807
"04021",179727,352324,172597
"04023",38381,46369,7988
"04025",167517,227644,60127
"04027",160026,200639,40613
"05001",20749,19319,-1430
"05003",24209,22667,-1542
"05005",38386,42378,3992
"05007",153406,220516,67110
"05009",33948,37050,3102
"05011",12600,11731,-869
"05013",5744,5559,-185
"05015",25357,28037,2680
"05017",14117,12325,-1792
"05019",23546,23958,412
"05021",17609,16164,-1445
"05023",24046,25516,1470
"05025",8571,8678,107
"05027",25603,24425,-1178
"05029",20336,20860,524
"05031",82148,94875,12727
"05033",53247,60971,7724
"05035",50866,53699,2833
"05037",19526,19076,-450
"05039",9210,8205,-1005
"05041",15341,13843,-1498
"05043",18723,18691,-32
"05045",86014,110794,24780
"05047",17771,18427,656
"05049",11642,11629,-13
"05051",88068,98758,10690
"05053",16464,17592,1128
"05055",37331,41398,4067
"05057",23587,23991,404
"05059",30353,32307,1954
"05061",14300,14333,33
"05063",34233,34975,742
"05065",13249,13167,-82
"05067",18418,17106,-1312
"05069",84278,79931,-4347
"05071",22781,25202,2421
"05073",8559,7798,-761
"05075",17774,17228,-546
"05077",12580,11376,-1204
"05079",14492,14228,-264
"05081",13628,13326,-302
"05083",22486,22806,320
"05085",52828,67762,14934
"05087",14243,15543,1300
"05089",16140,17240,1100
"05091",40443,43729,3286
"05093",51979,47496,-4483
"05095",10254,9120,-1134
"05097",9245,9285,40
"05099",9955,10007,52
"05101",8608,8327,-281
"05103",28790,26275,-2515
"05105",10209,10587,378
"05107",26445,23098,-3347
"05109",11303,10899,-404
"05111",25614,25020,-594
"05113",20229,20383,154
"05115",54469,60416,5947
"05117",9539,8766,-773
"05119",361474,384681,23207
"05121",18195,18331,136
"05123",29329,28744,-585
"05125",83529,102748,19219
"05127",10996,11380,384
"05129",8261,8112,-149
"05131",115071,125325,10254
"05133",15757,16701,944
"05135",17119,18102,983
"05137",11499,12267,768
"05139",45629,43448,-2181
"05141",16192,16852,660
"05143",157715,202637,44922
"05145",67165,75905,8740
"05147",8741,7407,-1334
"05149",21139,22095,956
"06001",1443741,1522142,78401
"06003",1208,1067,-141
"06005",35100,38989,3889
"06007",203171,223877,20706
"06009",40554,47318,6764
"06011",18804,21879,3075
"06013",948816,1063960,115144
"06015",27507,29698,2191
"06017",156299,181909,25610
"06019",799407,943457,144050
"06021",26453,29161,2708
"06023",126518,130108,3590
"06025",142361,177819,35458
"06027",17945,17442,-503
"06029",661645,830222,168577
"06031",129461,156175,26714
"06033",58309,65452,7143
"06035",33828,35861,2033
"06037",9519338,10240505,721167
"06039",123109,152922,29813
"06041",247289,257863,10574
"06043",17130,18512,1382
"06045",86265,87935,1670
"06047",210554,257087,46533
"06049",9449,9505,56
"06051",12853,12838,-15
"06053",401762,427632,25870
"06055",124279,136592,12313
"06057",92033,98135,6102
"06059",2846289,3090761,244472
"06061",248399,352557,104158
"06063",20824,20147,-677
"06065",1545387,2173606,628219
"06067",1223499,1441127,217628
"06069",53234,57128,3894
"06071",1709434,2061421,351987
"06073",2813833,3120279,306446
"06075",776733,814963,38230
"06077",563598,692531,128933
"06079",246681,273572,26891
"06081",707161,735498,28337
"06083",399347,418036,18689
"06085",1682585,1824395,141810
"06087",255602,261161,5559
"06089",163256,182771,19515
"06091",3555,3321,-234
"06093",44301,45600,1299
"06095",394542,420493,25951
"06097",458614,476974,18360
"06099",446997,524533,77536
"06101",78930,96114,17184
"06103",56039,63491,7452
"06105",13022,14137,1115
"06107",368021,442013,73992
"06109",54501,56325,1824
"06111",753197,825436,72239
"06113",168660,203927,35267
"06115",60219,75569,15350
"08001",347983,452396,104413
"08003",14966,15772,806
"08005",487967,573116,85149
"08007",9898,13337,3439
"08009",4517,3985,-532
"08011",5998,5926,-72
"08013",269794,297538,27744
"08014",39232,57194,17962
"08015",16242,17446,1204
"08017",2231,1961,-270
"08019",9322,9196,-126
"08021",8400,8313,-87
"08023",3663,3350,-313
"08025",5518,6682,1164
"08027",3503,4176,673
"08029",27834,31553,3719
"08031",554636,620908,66272
"08033",1844,2045,201
"08035",175766,299923,124157
"08037",41659,54722,13063
"08039",19872,23736,3864
"08041",516929,615884,98955
"08043",46145,48013,1868
"08045",43791,59225,15434
"08047",4757,5264,507
"08049",12442,14932,2490
"08051",13956,15503,1547
"08053",790,858,68
"08055",7862,8031,169
"08057",1577,1413,-164
"08059",525330,542079,16749
"08061",1622,1361,-261
"08063",8011,7994,-17
"08065",7812,8216,404
"08067",43941,52482,8541
"08069",251494,300514,49020
"08071",15207,16542,1335
"08073",6087,5437,-650
"08075",20504,21145,641
"08077",116255,148729,32474
"08079",831,982,151
"08081",13184,14279,1095
"08083",23830,25935,2105
"08085",33432,42389,8957
"08087",27171,28456,1285
"08089",20311,18913,-1398
"08091",3742,4827,1085
"08093",14523,17302,2779
"08095",4480,4582,102
"08097",14872,16100,1228
"08099",14483,13238,-1245
"08101",141472,160630,19158
"08103",5986,6596,610
"08105",12413,12217,-196
"08107",19690,24361,4671
"08109",5917,7369,1452
"08111",558,561,3
"08113",6594,7869,1275
"08115",2747,2457,-290
"08117",23548,27827,4279
"08119",20555,22898,2343
"08121",4926,4512,-414
"08123",180798,262937,82139
"08125",9841,9968,127
"09001",882567,906634,24067
"09003",857183,885075,27892
"09005",182193,189744,7551
"09007",155071,167218,12147
"09009",824008,851493,27485
"09011",259088,265769,6681
"09013",136364,150350,13986
"09015",109091,119504,10413
"10001",126697,161048,34351
"10003",500265,534207,33942
"10005",156638,198469,41831
"11001",572059,600671,28612
"12001",217955,248855,30900
"12003",22259,26732,4473
"12005",148217,170196,21979
"12007",26088,29078,2990
"12009",476230,558359,82129
"12011",1623018,1754788,131770
"12013",13017,14061,1044
"12015",141627,160485,18858
"12017",118085,146564,28479
"12019",140814,192632,51818
"12021",251377,332156,80779
"12023",56513,70354,13841
"12027",32209,34966,2757
"12029",13827,15733,1906
"12031",778879,904256,125377
"12033",294410,314018,19608
"12035",49832,96812,46980
"12037",11057,12094,1037
"12039",45087,49758,4671
"12041",14437,17823,3386
"12043",10576,11122,546
"12045",13332,16351,3019
"12047",13327,14756,1429
"12049",26938,29045,2107
"12051",36210,40821,4611
"12053",130802,175976,45174
"12055",87366,102588,15222
"12057",998948,1214853,215905
"12059",18564,19332,768
"12061",112947,143385,30438
"12063",46755,51316,4561
"12065",12902,14782,1880
"12067",7022,8157,1135
"12069",210528,306235,95707
"12071",440888,628829,187941
"12073",239452,273560,34108
"12075",34450,40982,6532
"12077",7021,8227,1206
"12079",18733,19390,657
"12081",264002,322289,58287
"12083",258916,343804,84888
"12085",126731,143340,16609
"12086",2253362,2463726,210364
"12087",79589,73868,-5721
"12089",57663,73872,16209
"12091",170498,191856,21358
"12093",35910,40564,4654
"12095",896344,1118349,222005
"12097",172493,281872,109379
"12099",1131184,1294546,163362
"12101",344765,470348,125583
"12103",921482,922197,715
"12105",483924,599564,115640
"12107",70423,74733,4310
"12109",123135,191550,68415
"12111",192695,277366,84671
"12113",117743,149686,31943
"12115",325957,390472,64515
"12117",365196,424370,59174
"12119",53345,96296,42951
"12121",34844,40970,6126
"12123",19256,21940,2684
"12125",13442,15595,2153
"12127",443343,508913,65570
"12129",22863,33302,10439
"12131",40601,57960,17359
"12133",20973,24837,3864
"13001",17419,18027,608
"13003",7609,8294,685
"13005",10103,10439,336
"13007",4074,4004,-70
"13009",44700,47638,2938
"13011",14422,17163,2741
"13013",46144,74224,28080
"13015",76019,99484,23465
"13017",17484,17625,141
"13019",16235,17149,914
"13021",153887,155804,1917
"13023",11666,12856,1190
"13025",14629,16170,1541
"13027",16450,16481,31
"13029",23417,33573,10156
"13031",55983,68185,12202
"13033",22243,23161,918
"13035",19522,24849,5327
"13037",6320,6240,-80
"13039",43664,49602,5938
"13043",9577,10778,1201
"13045",87268,117730,30462
"13047",53282,64846,11564
"13049",10282,10802,520
"13051",232048,258954,26906
"13053",14882,17208,2326
"13055",25470,26132,662
"13057",141903,226288,84385
"13059",101489,117938,16449
"13061",3357,3243,-114
"13063",236517,283358,46841
"13065",6878,6890,12
"13067",607751,717088,109337
"13069",37413,40745,3332
"13071",42053,45526,3473
"13073",89288,118751,29463
"13075",15771,16702,931
"13077",89215,129842,40627
"13079",12495,13279,784
"13081",21996,22247,251
"13083",15154,16215,1061
"13085",15999,22906,6907
"13087",28240,29705,1465
"13089",665865,761542,95677
"13091",19171,19864,693
"13093",11525,11499,-26
"13095",96065,95174,-891
"13097",92174,137318,45144
"13099",12354,11636,-718
"13101",3754,4349,595
"13103",37535,54219,16684
"13105",20511,20525,14
"13107",21837,22914,1077
"13109",10495,11936,1441
"13111",19798,24574,4776
"13113",91263,110230,18967
"13115",90565,97420,6855
"13117",98407,181851,83444
"13119",20285,21876,1591
"13121",816006,1047825,231819
"13123",23456,30496,7040
"13125",2556,2743,187
"13127",67568,78471,10903
"13129",44104,54760,10656
"13131",23659,25277,1618
"13133",14406,16528,2122
"13135",588448,832544,244096
"13137",35902,44830,8928
"13139",139277,191332,52055
"13141",10076,9384,-692
"13143",25690,29306,3616
"13145",23695,30934,7239
"13147",22997,24885,1888
"13149",11012,11652,640
"13151",119341,206271,86930
"13153",110765,139553,28788
"13155",9931,10209,278
"13157",41589,63992,22403
"13159",11426,14595,3169
"13161",12684,13419,735
"13163",17266,16505,-761
"13165",8575,8450,-125
"13167",8560,9495,935
"13169",23639,28087,4448
"13171",15912,17708,1796
"13173",7241,8304,1063
"13175",44874,47971,3097
"13177",24757,34148,9391
"13179",61610,60111,-1499
"13181",8348,8144,-204
"13183",10304,11865,1561
"13185",92115,106350,14235
"13187",21016,29020,8004
"13189",21231,21846,615
"13191",10847,11990,1143
"13193",14074,13441,-633
"13195",25730,28850,3120
"13197",7144,7056,-88
"13199",22534,23252,718
"13201",6383,6135,-248
"13205",23932,24118,186
"13207",21757,26255,4498
"13209",8270,8758,488
"13211",15457,19135,3678
"13213",36506,41185,4679
"13215",186291,187406,1115
"13217",62001,104828,42827
"13219",26225,35118,8893
"13221",12635,14460,1825
"13223",81678,143287,61609
"13225",23668,26953,3285
"13227",22983,31981,8998
"13229",15636,18212,2576
"13231",13688,18695,5007
"13233",38127,42988,4861
"13235",9588,9849,261
"13237",18812,21029,2217
"13239",2598,2682,84
"13241",15050,17207,2157
"13243",7791,7177,-614
"13245",199775,199692,-83
"13247",70111,87399,17288
"13249",3766,4369,603
"13251",15374,15440,66
"13253",9369,9329,-40
"13255",58417,64848,6431
"13257",25435,25699,264
"13259",5252,4721,-531
"13261",33200,32475,-725
"13263",6498,6511,13
"13265",2077,1886,-191
"13267",22305,23514,1209
"13269",8815,8776,-39
"13271",11794,13353,1559
"13273",10970,10526,-444
"13275",42737,45653,2916
"13277",38407,42577,4170
"13279",26067,28050,1983
"13281",9319,11683,2364
"13283",6854,6679,-175
"13285",58779,65411,6632
"13287",9504,9161,-343
"13289",10590,10181,-409
"13291",17289,22554,5265
"13293",27597,27806,209
"13295",61053,65976,4923
"13297",60687,90279,29592
"13299",35483,35985,502
"13301",6336,5814,-522
"13303",21176,20973,-203
"13305",26565,30162,3597
"13307",2390,2214,-176
"13309",6179,6953,774
"13311",19944,26507,6563
"13313",83525,96689,13164
"13315",8577,8747,170
"13317",10687,10105,-582
"13319",10220,10064,-156
"13321",21967,21159,-808
"15001",148677,182806,34129
"15003",876156,913740,37584
"15005",147,134,-13
"15007",58463,64337,5874
"15009",128094,148563,20469
"16001",300904,398722,97818
"16003",3476,3743,267
"16005",75565,82222,6657
"16007",6411,6130,-281
"16009",9171,9548,377
"16011",41735,45435,3700
"16013",18991,22587,3596
"16015",6670,7988,1318
"16017",36835,42113,5278
"16019",82522,102654,20132
"16021",9871,11317,1446
"16023",2899,2824,-75
"16025",991,1171,180
"16027",131441,190348,58907
"16029",7304,6976,-328
"16031",21416,22097,681
"16033",1022,1038,16
"16035",8930,8700,-230
"16037",4342,4393,51
"16039",29130,29853,723
"16041",11329,13080,1751
"16043",11819,12747,928
"16045",15181,17482,2301
"16047",14155,14802,647
"16049",15511,15619,108
"16051",19155,25494,6339
"16053",18342,21330,2988
"16055",108685,143638,34953
"16057",34935,36441,1506
"16059",7806,8225,419
"16061",3747,3762,15
"16063",4044,4656,612
"16065",27467,39429,11962
"16067",20174,19308,-866
"16069",37410,39326,1916
"16071",4125,4274,149
"16073",10644,11414,770
"16075",20578,23934,3356
"16077",7538,7868,330
"16079",13771,13290,-481
"16081",5999,10057,4058
"16083",64284,75925,11641
"16085",7651,9248,1597
"16087",9977,10489,512
"17001",68277,67230,-1047
"17003",9590,8001,-1589
"17005",17633,18357,724
"17007",41786,56000,14214
"17009",6950,6622,-328
"17011",35503,34812,-691
"17013",5084,5159,75
"17015",16674,15862,-812
"17017",13695,13628,-67
"17019",179669,195296,15627
"17021",35372,34550,-822
"17023",17008,16774,-234
"17025",14560,13734,-826
"17027",35535,37132,1597
"17029",53196,52279,-917
"17031",5376741,5346234,-30507
"17033",20452,19497,-955
"17035",11253,10962,-291
"17037",88969,109245,20276
"17039",16798,16400,-398
"17041",19922,19644,-278
"17043",904161,943391,39230
"17045",19704,18769,-935
"17047",6971,6638,-333
"17049",34264,34451,187
"17051",21802,20987,-815
"17053",14241,14061,-180
"17055",39018,39406,388
"17057",38250,37045,-1205
"17059",6445,6057,-388
"17061",14761,13714,-1047
"17063",37535,48998,11463
"17065",8621,8249,-372
"17067",20121,18933,-1188
"17069",4800,4418,-382
"17071",8213,7574,-639
"17073",51020,49977,-1043
"17075",31334,30330,-1004
"17077",59612,57829,-1783
"17079",10117,9817,-300
"17081",40045,40137,92
"17083",21668,23065,1397
"17085",22289,22046,-243
"17087",12878,13886,1008
"17089",404119,526746,122627
"17091",103833,113887,10054
"17093",54544,114126,59582
"17095",55836,52389,-3447
"17097",644356,728224,83868
"17099",111509,113252,1743
"17101",15452,16551,1099
"17103",36062,35176,-886
"17105",39678,37748,-1930
"17107",31183,29866,-1317
"17109",32913,32813,-100
"17111",260077,329755,69678
"17113",150433,169259,18826
"17115",114706,108924,-5782
"17117",49019,48175,-844
"17119",258941,270134,11193
"17121",41691,39858,-1833
"17123",13180,13070,-110
"17125",16038,15141,-897
"17127",15161,15085,-76
"17129",12486,12633,147
"17131",16957,16772,-185
"17133",27619,33180,5561
"17135",30652,29936,-716
"17137",36616,35396,-1220
"17139",14287,14511,224
"17141",51032,55755,4723
"17143",183433,184452,1019
"17145",23094,22580,-514
"17147",16365,16881,516
"17149",17384,16514,-870
"17151",4413,4125,-288
"17153",7348,6566,-782
"17155",6086,6133,47
"17157",33893,32813,-1080
"17159",16149,15504,-645
"17161",149374,147257,-2117
"17163",256082,264600,8518
"17165",26733,26162,-571
"17167",188951,194977,6026
"17169",7189,6910,-279
"17171",5537,5179,-358
"17173",22893,22043,-850
"17175",6332,6195,-137
"17177",48979,46088,-2891
"17179",128485,133638,5153
"17181",18293,18305,12
"17183",83919,80540,-3379
"17185",12937,12112,-825
"17187",18735,17976,-759
"17189",15148,14988,-160
"17191",17151,16465,-686
"17193",15371,14837,-534
"17195",60653,59369,-1284
"17197",502266,712697,210431
"17199",61296,65651,4355
"17201",278418,303336,24918
"17203",35469,39275,3806
"18001",33625,34031,406
"18003",331849,356857,25008
"18005",71435,75953,4518
"18007",9421,8930,-491
"18009",14048,13264,-784
"18011",46107,56816,10709
"18013",14957,15391,434
"18015",20165,20378,213
"18017",40930,39551,-1379
"18019",96472,109822,13350
"18021",26556,26892,336
"18023",33866,33800,-66
"18025",10743,10745,2
"18027",29820,30321,501
"18029",46109,51396,5287
"18031",24555,25402,847
"18033",40285,42421,2136
"18035",118769,114557,-4212
"18037",39674,41926,2252
"18039",182791,202892,20101
"18041",25588,24396,-1192
"18043",70823,74746,3923
"18045",17954,17107,-847
"18047",22151,23718,1567
"18049",20511,20362,-149
"18051",32500,32925,425
"18053",73403,68609,-4794
"18055",33157,32511,-646
"18057",182740,280425,97685
"18059",55391,70299,14908
"18061",34325,37573,3248
"18063",104093,143458,39365
"18065",48508,47758,-750
"18067",84964,83355,-1609
"18069",38075,37730,-345
"18071",41335,42611,1276
"18073",30043,33678,3635
"18075",21806,21455,-351
"18077",31705,32868,1163
"18079",27554,28495,941
"18081",115209,143219,28010
"18083",39256,37763,-1493
"18085",74057,77231,3174
"18087",34909,38321,3412
"18089",484564,501248,16684
"18091",110106,112536,2430
"18093",45922,45372,-550
"18095",133358,133059,-299
"18097",860454,892403,31949
"18099",45128,47220,2092
"18101",10369,9987,-382
"18103",36082,35730,-352
"18105",120563,130749,10186
"18107",37629,37849,220
"18109",66689,71529,4840
"18111",14566,14271,-295
"18113",46275,48557,2282
"18115",5623,5931,308
"18117",19306,19549,243
"18119",21786,22834,1048
"18121",17241,17482,241
"18123",18899,18910,11
"18125",12837,12765,-72
"18127",146798,165244,18446
"18129",27061,26534,-527
"18131",13755,13827,72
"18133",36019,37642,1623
"18135",27401,26011,-1390
"18137",26523,28245,1722
"18139",18261,17579,-682
"18141",265559,271159,5600
"18143",22960,23920,960
"18145",43445,44615,1170
"18147",20391,20782,391
"18149",23556,23943,387
"18151",33214,34449,1235
"18153",21751,21473,-278
"18155",9065,9965,900
"18157",148955,168650,19695
"18159",16577,16067,-510
"18161",7349,7290,-59
"18163",171922,176122,4200
"18165",16788,16283,-505
"18167",105848,105946,98
"18169",34960,32859,-2101
"18171",8419,8732,313
"18173",52383,59904,7521
"18175",27223,28372,1149
"18177",71097,68098,-2999
"18179",27600,28282,682
"18181",25267,24421,-846
"18183",30707,33479,2772
"19001",8243,7642,-601
"19003",4482,4077,-405
"19005",14675,14722,47
"19007",13721,13065,-656
"19009",6830,6430,-400
"19011",25308,26968,1660
"19013",128012,129668,1656
"19015",26224,26890,666
"19017",23325,24298,973
"19019",21093,21259,166
"19021",20411,19946,-465
"19023",15305,14874,-431
"19025",11115,10188,-927
"19027",21421,20970,-451
"19029",14684,14099,-585
"19031",18187,18620,433
"19033",46447,44263,-2184
"19035",13035,11678,-1357
"19037",13095,12413,-682
"19039",9133,9151,18
"19041",17372,16885,-487
"19043",18678,18152,-526
"19045",50149,49368,-781
"19047",16942,16706,-236
"19049",40750,62998,22248
"19051",8541,8656,115
"19053",8689,8426,-263
"19055",18404,17668,-736
"19057",42351,40751,-1600
"19059",16424,17216,792
"19061",89143,94162,5019
"19063",11027,10547,-480
"19065",22008,20388,-1620
"19067",16900,16382,-518
"19069",10704,10500,-204
"19071",8010,7651,-359
"19073",10366,9628,-738
"19075",12369,12366,-3
"19077",11353,11098,-255
"19079",16438,15562,-876
"19081",12100,11563,-537
"19083",18812,17696,-1116
"19085",15666,15321,-345
"19087",20336,20335,-1
"19089",9932,9565,-367
"19091",10381,9689,-692
"19093",7837,6949,-888
"19095",15671,16162,491
"19097",20296,20041,-255
"19099",37213,36959,-254
"19101",16181,15749,-432
"19103",111006,132497,21491
"19105",20221,20458,237
"19107",11400,10907,-493
"19109",17163,15746,-1417
"19111",38052,35702,-2350
"19113",191701,212727,21026
"19115",12183,11878,-305
"19117",9422,9187,-235
"19119",11763,11335,-428
"19121",14019,15949,1930
"19123",22335,22491,156
"19125",32052,33494,1442
"19127",39311,39901,590
"19129",14547,15266,719
"19131",10874,10713,-161
"19133",10020,9094,-926
"19135",8016,7665,-351
"19137",11771,10795,-976
"19139",41722,43464,1742
"19141",15102,13993,-1109
"19143",7003,6499,-504
"19145",16976,15944,-1032
"19147",10147,9455,-692
"19149",24849,24583,-266
"19151",8662,7670,-992
"19153",374601,437909,63308
"19155",87704,91180,3476
"19157",18815,18624,-191
"19159",5469,5211,-258
"19161",11529,10528,-1001
"19163",158668,166823,8155
"19165",13173,12419,-754
"19167",31589,32785,1196
"19169",79981,89494,9513
"19171",18103,17957,-146
"19173",6958,6378,-580
"19175",12309,12119,-190
"19177",7809,7841,32
"19179",36051,35856,-195
"19181",40671,46566,5895
"19183",20670,21611,941
"19185",6730,6273,-457
"19187",40235,38870,-1365
"19189",11723,11069,-654
"19191",21310,21405,95
"19193",103877,102667,-1210
"19195",7909,7697,-212
"19197",14334,12940,-1394
"20001",14385,13459,-926
"20003",8110,8025,-85
"20005",16774,16513,-261
"20007",5307,4791,-516
"20009",28205,27458,-747
"20011",15379,14804,-575
"20013",10724,10132,-592
"20015",59482,65301,5819
"20017",3030,2990,-40
"20019",4359,4051,-308
"20021",22605,21075,-1530
"20023",3165,2979,-186
"20025",2390,2305,-85
"20027",8822,8791,-31
"20029",10268,9372,-896
"20031",8865,8551,-314
"20033",1967,1923,-44
"20035",36291,34428,-1863
"20037",38242,38662,420
"20039",3472,3020,-452
"20041",19344,19286,-58
"20043",8249,7898,-351
"20045",99962,115494,15532
"20047",3449,3101,-348
"20049",3261,3092,-169
"20051",27507,27630,123
"20053",6525,6309,-216
"20055",40523,39723,-800
"20057",32458,33749,1291
"20059",24784,26873,2089
"20061",27947,31406,3459
"20063",3068,2784,-284
"20065",2946,2666,-280
"20067",7909,7489,-420
"20069",5904,5885,-19
"20071",1534,1365,-169
"20073",7673,6934,-739
"20075",2670,2694,24
"20077",6536,5862,-674
"20079",32869,33880,1011
"20081",4307,4067,-240
"20083",2085,2048,-37
"20085",12657,13413,756
"20087",18426,18966,540
"20089",3791,3237,-554
"20091",451086,549792,98706
"20093",4531,4426,-105
"20095",8673,7862,-811
"20097",3278,2907,-371
"20099",22835,21958,-877
"20101",2155,1892,-263
"20103",68691,77230,8539
"20105",3578,3324,-254
"20107",9570,10010,440
"20109",3046,2699,-347
"20111",35935,35574,-361
"20113",29554,29724,170
"20115",13361,12490,-871
"20117",10965,10299,-666
"20119",4631,4515,-116
"20121",28351,31864,3513
"20123",6932,6261,-671
"20125",36252,34274,-1978
"20127",6104,5975,-129
"20129",3496,3134,-362
"20131",10717,10164,-553
"20133",16997,16293,-704
"20135",3454,3026,-428
"20137",5953,5413,-540
"20139",16712,16649,-63
"20141",4452,3872,-580
"20143",6163,6152,-11
"20145",7233,6368,-865
"20147",6001,5462,-539
"20149",18209,20437,2228
"20151",9647,9449,-198
"20153",2966,2583,-383
"20155",64790,63567,-1223
"20157",5835,5008,-827
"20159",10761,10095,-666
"20161",62843,70367,7524
"20163",5685,5206,-479
"20165",3551,3292,-259
"20167",7370,6686,-684
"20169",53597,54889,1292
"20171",5120,4686,-434
"20173",452869,488178,35309
"20175",22510,23201,691
"20177",169871,176464,6593
"20179",2813,2613,-200
"20181",6760,6095,-665
"20183",4536,3976,-560
"20185",4789,4415,-374
"20187",2406,2182,-224
"20189",5463,5152,-311
"20191",25946,24111,-1835
"20193",8180,7337,-843
"20195",3319,2955,-364
"20197",6885,7030,145
"20199",1749,1614,-135
"20201",6483,5817,-666
"20203",2531,2275,-256
"20205",10332,9643,-689
"20207",3788,3550,-238
"20209",157882,154415,-3467
"21001",17244,17604,360
"21003",17800,19195,1395
"21005",19111,22111,3000
"21007",8286,8392,106
"21009",38033,41765,3732
"21011",11085,11840,755
"21013",30060,29476,-584
"21015",85991,121697,35706
"21017",19360,20109,749
"21019",49752,48822,-930
"21021",27697,29090,1393
"21023",8279,8656,377
"21025",16100,16105,5
"21027",18648,19305,657
"21029",61236,77411,16175
"21031",13010,13221,211
"21033",13060,12922,-138
"21035",34177,36210,2033
"21037",88616,86933,-1683
"21039",5351,5166,-185
"21041",10155,10613,458
"21043",26889,27501,612
"21045",15447,16238,791
"21047",72265,78986,6721
"21049",33144,36796,3652
"21051",24556,24066,-490
"21053",9634,9629,-5
"21055",9384,9170,-214
"21057",7147,6907,-240
"21059",91545,96365,4820
"21061",11644,12070,426
"21063",6748,7274,526
"21065",15307,15109,-198
"21067",260512,287934,27422
"21069",13792,14615,823
"21071",42441,42563,122
"21073",47687,49120,1433
"21075",7752,6930,-822
"21077",7870,8309,439
"21079",14792,17082,2290
"21081",22384,26165,3781
"21083",37028,37487,459
"21085",24053,25283,1230
"21087",11518,11530,12
"21089",36891,37581,690
"21091",8392,8722,330
"21093",94174,101558,7384
"21095",33202,31201,-2001
"21097",17983,18893,910
"21099",17445,18958,1513
"21101",44829,46114,1285
"21103",15060,16178,1118
"21105",5262,4942,-320
"21107",46519,46445,-74
"21109",13495,13936,441
"21111",693604,726247,32643
"21113",39041,49219,10178
"21115",23445,24099,654
"21117",151464,159876,8412
"21119",17649,17695,46
"21121",31795,33028,1233
"21123",13373,13983,610
"21125",52715,58168,5453
"21127",15569,16382,813
"21129",7916,7628,-288
"21131",12401,11830,-571
"21133",25277,24387,-890
"21135",14092,13978,-114
"21137",23361,25555,2194
"21139",9804,9628,-176
"21141",26573,27148,575
"21143",8080,8249,169
"21145",65514,65387,-127
"21147",17080,19102,2022
"21149",9938,9751,-187
"21151",70872,83835,12963
"21153",13332,13389,57
"21155",18212,19003,791
"21157",30125,31389,1264
"21159",12578,13308,730
"21161",16800,17299,499
"21163",26349,27764,1415
"21165",6556,6835,279
"21167",20817,22184,1367
"21169",10037,10334,297
"21171",11756,11503,-253
"21173",22554,26096,3542
"21175",13948,14237,289
"21177",31839,31220,-619
"21179",37477,44880,7403
"21181",6813,6774,-39
"21183",22916,23889,973
"21185",46178,59931,13753
"21187",10547,11579,1032
"21189",4858,4761,-97
"21191",14390,15079,689
"21193",29390,29485,95
"21195",68736,65770,-2966
"21197",13237,13950,713
"21199",56217,60657,4440
"21201",2266,2293,27
"21203",16582,16871,289
"21205",22094,22742,648
"21207",16315,17204,889
"21209",33061,46863,13802
"21211",33337,42996,9659
"21213",16405,17326,921
"21215",11766,18427,6661
"21217",22927,23793,866
"21219",11971,12303,332
"21221",12597,13491,894
"21223",8125,9264,1139
"21225",15637,15025,-612
"21227",92522,109164,16642
"21229",10916,11622,706
"21231",19923,20568,645
"21233",14120,13803,-317
"21235",35865,38673,2808
"21237",7065,6996,-69
"21239",23208,25256,2048
"22001",58861,60988,2127
"22003",25440,25818,378
"22005",76627,107959,31332
"22007",23388,23119,-269
"22009",41481,42420,939
"22011",32986,35093,2107
"22013",15752,14864,-888
"22015",98310,113582,15272
"22017",252161,254855,2694
"22019",183577,187625,4048
"22021",10560,10332,-228
"22023",9991,7339,-2652
"22025",10920,10656,-264
"22027",16851,16230,-621
"22029",20247,19307,-940
"22031",25494,26524,1030
"22033",412852,430746,17894
"22035",9421,8195,-1226
"22037",21360,20723,-637
"22039",35434,36010,576
"22041",21263,19999,-1264
"22043",18698,21735,3037
"22045",73266,75402,2136
"22047",33320,32992,-328
"22049",15397,15165,-232
"22051",455466,435334,-20132
"22053",31435,31375,-60
"22055",190503,210850,20347
"22057",89974,93799,3825
"22059",14282,14165,-117
"22061",42509,42709,200
"22063",91814,125599,33785
"22065",13728,12172,-1556
"22067",31021,28799,-2222
"22069",39080,39823,743
"22071",484674,351222,-133452
"22073",147250,151722,4472
"22075",26757,25106,-1651
"22077",22763,22820,57
"22079",126337,133492,7155
"22081",9622,9256,-366
"22083",20981,20657,-324
"22085",23459,23657,198
"22087",67229,37764,-29465
"22089",48072,52742,4670
"22091",10525,10363,-162
"22093",21216,21505,289
"22095",43044,47737,4693
"22097",87700,93358,5658
"22099",48583,52518,3935
"22101",53500,50951,-2549
"22103",191268,237867,46599
"22105",100588,119775,19187
"22107",6618,5558,-1060
"22109",104503,110329,5826
"22111",22803,22631,-172
"22113",53807,56867,3060
"22115",52531,45282,-7249
"22117",43926,45429,1503
"22119",41831,41058,-773
"22121",21601,23162,1561
"22123",12314,11456,-858
"22125",15111,15318,207
"22127",16894,15430,-1464
"23001",103793,107980,4187
"23003",73938,72059,-1879
"23005",265612,281453,15841
"23007",29467,30082,615
"23009",51791,54752,2961
"23011",117114,124136,7022
"23013",39618,41501,1883
"23015",33616,35080,1464
"23017",54755,57956,3201
"23019",144919,149690,4771
"23021",17235,17048,-187
"23023",35214,37025,1811
"23025",50888,51958,1070
"23027",36280,39132,2852
"23029",33941,32740,-1201
"23031",186742,206053,19311
"24001",74930,72984,-1946
"24003",489656,522447,32791
"24005",754292,791426,37134
"24009",74563,92677,18114
"24011",29772,34237,4465
"24013",150897,172886,21989
"24015",85951,103333,17382
"24017",120546,146253,25707
"24019",30674,32924,2250
"24021",195277,232704,37427
"24023",29846,30383,537
"24025",218590,246433,27843
"24027",247842,283917,36075
"24029",19197,20906,1709
"24031",873341,963092,89751
"24033",801515,830765,29250
"24035",40563,48923,8360
"24037",86211,106284,20073
"24039",24747,26413,1666
"24041",33812,37995,4183
"24043",131923,150904,18981
"24045",84644,98185,13541
"24047",46543,51186,4643
"24510",651154,633635,-17519
"25001",222230,221015,-1215
"25003",134953,127384,-7569
"25005",534678,551956,17278
"25007",14987,15716,729
"25009",723419,745699,22280
"25011",71535,72264,729
"25013",456228,463651,7423
"25015",152251,155464,3213
"25017",1465396,1502055,36659
"25019",9520,10733,1213
"25021",650308,668095,17787
"25023",472822,500450,27628
"25025",689807,726875,37068
"25027",750963,794379,43416
"26001",11719,11121,-598
"26003",9862,9512,-350
"26005",105665,115068,9403
"26007",31314,29370,-1944
"26009",23110,23961,851
"26011",17269,16766,-503
"26013",8746,8465,-281
"26015",56755,59928,3173
"26017",110157,108427,-1730
"26019",15998,17797,1799
"26021",162453,159697,-2756
"26023",45787,45810,23
"26025",137985,137397,-588
"26027",51104,50170,-934
"26029",26090,25927,-163
"26031",26448,25871,-577
"26033",38543,38837,294
"26035",31252,29946,-1306
"26037",64753,72386,7633
"26039",14273,14233,-40
"26041",38520,37362,-1158
"26043",27472,26763,-709
"26045",103655,108070,4415
"26047",31437,33654,2217
"26049",436141,424800,-11341
"26051",26023,25682,-341
"26053",17370,16111,-1259
"26055",77654,89175,11521
"26057",42285,42481,196
"26059",46527,46049,-478
"26061",36016,35040,-976
"26063",36079,32947,-3132
"26065",279320,277487,-1833
"26067",61518,64981,3463
"26069",27339,25736,-1603
"26071",13138,11915,-1223
"26073",63351,68113,4762
"26075",158422,162926,4504
"26077",238603,249438,10835
"26079",16571,16983,412
"26081",574335,616571,42236
"26083",2301,2222,-79
"26085",11333,10856,-477
"26087",87904,92931,5027
"26089",21119,21942,823
"26091",98890,102586,3696
"26093",156951,189999,33048
"26095",7024,6602,-422
"26097",11943,10483,-1460
"26099",788149,839369,51220
"26101",24527,24595,68
"26103",64634,66194,1560
"26105",28274,29008,734
"26107",40553,41720,1167
"26109",25326,24367,-959
"26111",82874,83094,220
"26113",14478,14558,80
"26115",145945,155856,9911
"26117",61266,64283,3017
"26119",10315,10261,-54
"26121",170200,176244,6044
"26123",47874,49193,1319
"26125",1194156,1223804,29648
"26127",26873,27741,868
"26129",21645,20368,-1277
"26131",7818,6646,-1172
"26133",23197,22786,-411
"26135",9418,8644,-774
"26137",23301,23579,278
"26139",238314,266577,28263
"26141",14411,13984,-427
"26143",25469,25375,-94
"26145",210039,203006,-7033
"26147",164235,175523,11288
"26149",62422,62199,-223
"26151",44547,43485,-1062
"26153",8903,8099,-804
"26155",71687,70760,-927
"26157",58266,56568,-1698
"26159",76263,78561,2298
"26161",322895,353808,30913
"26163",2061162,1951485,-109677
"26165",30484,32299,1815
"27001",15301,16016,715
"27003",298084,336272,38188
"27005",30000,32001,2001
"27007",39650,44317,4667
"27009",34226,40545,6319
"27011",5820,5367,-453
"27013",55941,61679,5738
"27015",26911,25821,-1090
"27017",31671,34452,2781
"27019",70205,94230,24025
"27021",27150,28894,1744
"27023",13088,12365,-723
"27025",41101,51587,10486
"27027",51229,57828,6599
"27029",8423,8259,-164
"27031",5168,5550,382
"27033",12167,11186,-981
"27035",55099,62670,7571
"27037",355904,405385,49481
"27039",17731,20188,2457
"27041",32821,36923,4102
"27043",16181,14400,-1781
"27045",21122,20891,-231
"27047",32584,30910,-1674
"27049",44127,46429,2302
"27051",6289,5932,-357
"27053",1116200,1168999,52799
"27055",19718,19103,-615
"27057",18376,18755,379
"27059",31287,40252,8965
"27061",43992,44140,148
"27063",11268,10697,-571
"27065",14996,16412,1416
"27067",41203,41326,123
"27069",5285,4559,-726
"27071",14355,13085,-1270
"27073",8067,7187,-880
"27075",11058,10755,-303
"27077",4522,3935,-587
"27079",25426,28366,2940
"27081",6429,5795,-634
"27083",25425,24856,-569
"27085",34898,37787,2889
"27087",5190,5095,-95
"27089",10155,9523,-632
"27091",21802,20369,-1433
"27093",22644,23244,600
"27095",22330,26859,4529
"27097",31712,33108,1396
"27099",38603,37754,-849
"27101",9165,8377,-788
"27103",29771,32443,2672
"27105",20832,20322,-510
"27107",7442,6645,-797
"27109",124277,145347,21070
"27111",57159,56222,-937
"27113",13584,13799,215
"27115",26530,28252,1722
"27117",9895,9298,-597
"27119",31369,30750,-619
"27121",11236,11081,-155
"27123",511035,510979,-56
"27125",4299,4071,-228
"27127",16815,15541,-1274
"27129",17154,15899,-1255
"27131",56665,64316,7651
"27133",9721,9415,-306
"27135",16338,15910,-428
"27137",200528,196483,-4045
"27139",89498,135758,46260
"27141",64417,92043,27626
"27143",15356,15231,-125
"27145",133166,150490,17324
"27147",33680,37434,3754
"27149",10053,9577,-476
"27151",11956,11227,-729
"27153",24426,23823,-603
"27155",4134,3628,-506
"27157",21610,22223,613
"27159",13713,13394,-319
"27161",19526,19336,-190
"27163",201130,240238,39108
"27165",11876,10906,-970
"27167",7138,6442,-696
"27169",49985,49964,-21
"27171",89986,125802,35816
"27173",11080,10048,-1032
"28001",34340,31752,-2588
"28003",34558,35862,1304
"28005",13599,13229,-370
"28007",19661,19576,-85
"28009",8026,8194,168
"28011",40633,38289,-2344
"28013",15069,14405,-664
"28015",10769,10609,-160
"28017",19440,18969,-471
"28019",9758,9237,-521
"28021",11831,11121,-710
"28023",17955,17627,-328
"28025",21979,20994,-985
"28027",30622,27889,-2733
"28029",28757,29673,916
"28031",19407,20622,1215
"28033",107199,164846,57647
"28035",72604,81069,8465
"28037",8448,8292,-156
"28039",19144,22068,2924
"28041",13299,13959,660
"28043",23263,22955,-308
"28045",42967,40492,-2475
"28047",189601,183018,-6583
"28049",250800,250044,-756
"28051",21609,21088,-521
"28053",11206,10268,-938
"28055",2274,1921,-353
"28057",22770,23331,561
"28059",131420,135395,3975
"28061",18149,18313,164
"28063",9740,9098,-642
"28065",13962,13153,-809
"28067",64958,67770,2812
"28069",10453,9947,-506
"28071",38744,42352,3608
"28073",39070,49820,10750
"28075",78161,78114,-47
"28077",13258,13472,214
"28079",20940,22896,1956
"28081",75755,81713,5958
"28083",37947,36041,-1906
"28085",33166,34834,1668
"28087",61586,59929,-1657
"28089",74674,97343,22669
"28091",25595,26089,494
"28093",34993,37791,2798
"28095",38014,37429,-585
"28097",12189,12106,-83
"28099",28684,30686,2002
"28101",21838,22492,654
"28103",12548,11993,-555
"28105",42902,45012,2110
"28107",34274,35899,1625
"28109",48621,58831,10210
"28111",12138,12241,103
"28113",38940,40198,1258
"28115",26726,29433,2707
"28117",25556,25711,155
"28119",10117,9174,-943
"28121",115327,146177,30850
"28123",28423,29304,881
"28125",6580,6093,-487
"28127",27639,28347,708
"28129",16182,15745,-437
"28131",13622,16210,2588
"28133",34369,31694,-2675
"28135",14903,13494,-1409
"28137",25370,28193,2823
"28139",20826,21402,576
"28141",19163,18997,-166
"28143",9227,11010,1783
"28145",25362,27478,2116
"28147",15156,15618,462
"28149",49644,48349,-1295
"28151",62977,58324,-4653
"28153",21216,20726,-490
"28155",10294,10220,-74
"28157",10312,10128,-184
"28159",20160,19705,-455
"28161",13051,13682,631
"28163",28149,29115,966
"29001",24977,24922,-55
"29003",16492,17187,695
"29005",6430,5947,-483
"29007",25853,26061,208
"29009",34010,36344,2334
"29011",12541,12572,31
"29013",16653,17238,585
"29015",17180,18364,1184
"29017",12029,11869,-160
"29019",135454,159986,24532
"29021",85998,88776,2778
"29023",40867,41258,391
"29025",8969,9177,208
"29027",40766,44139,3373
"29029",37051,41644,4593
"29031",68693,74787,6094
"29033",10285,9864,-421
"29035",5941,5910,-31
"29037",82092,102235,20143
"29039",13733,13768,35
"29041",8438,7759,-679
"29043",54285,80503,26218
"29045",7416,7252,-164
"29047",184006,220933,36927
"29049",18979,21511,2532
"29051",71397,75497,4100
"29053",16670,17622,952
"29055",22804,23973,1169
"29057",7923,7567,-356
"29059",15661,17125,1464
"29061",8016,7951,-65
"29063",11597,12458,861
"29065",14927,15132,205
"29067",13084,13630,546
"29069",33155,31618,-1537
"29071",93807,104430,10623
"29073",15342,15427,85
"29075",6861,6330,-531
"29077",240391,272027,31636
"29079",10432,10272,-160
"29081",8850,8888,38
"29083",21997,22312,315
"29085",8940,9214,274
"29087",5351,4951,-400
"29089",10212,10018,-194
"29091",37238,39187,1949
"29093",10697,10253,-444
"29095",654880,684135,29255
"29097",104686,118184,13498
"29099",198099,223718,25619
"29101",48258,52404,4146
"29103",4361,3986,-375
"29105",32513,35792,3279
"29107",32960,33259,299
"29109",35204,37826,2622
"29111",10494,9984,-510
"29113",38944,55276,16332
"29115",13754,12603,-1151
"29117",14558,14297,-261
"29119",21681,23027,1346
"29121",15762,15554,-208
"29123",11800,12252,452
"29125",8903,9066,163
"29127",28289,28455,166
"29129",3757,3550,-207
"29131",23564,25086,1522
"29133",13427,13548,121
"29135",14827,15140,313
"29137",9311,9207,-104
"29139",12136,12130,-6
"29141",19309,21033,1724
"29143",19760,18132,-1628
"29145",52636,56201,3565
"29147",21912,22116,204
"29149",10344,10242,-102
"29151",13062,13554,492
"29153",9542,9487,-55
"29155",20047,18530,-1517
"29157",18132,18847,715
"29159",39403,40867,1464
"29161",39825,42767,2942
"29163",18351,18566,215
"29165",73781,88425,14644
"29167",26992,30685,3693
"29169",41165,44932,3767
"29171",5223,5072,-151
"29173",9626,9920,294
"29175",24663,25279,616
"29177",23354,24089,735
"29179",6689,6464,-225
"29181",13509,13535,26
"29183",283883,366214,82331
"29185",9652,9394,-258
"29186",17842,17846,4
"29187",55641,64014,8373
"29189",1016315,995709,-20606
"29195",23756,22696,-1060
"29197",4170,4233,63
"29199",4983,4849,-134
"29201",40422,40983,561
"29203",8324,8522,198
"29205",6799,6477,-322
"29207",29705,29739,34
"29209",28658,32686,4028
"29211",7219,6821,-398
"29213",39703,49263,9560
"29215",23003,24748,1745
"29217",20454,20152,-302
"29219",24525,32408,7883
"29221",23344,24494,1150
"29223",13259,12742,-517
"29225",31045,36580,5535
"29227",2382,2110,-272
"29229",17955,18331,376
"29510",348189,349568,1379
"30001",9202,8878,-324
"30003",12671,12913,242
"30005",7009,6631,-378
"30007",4385,4789,404
"30009",9552,9881,329
"30011",1360,1247,-113
"30013",80357,81781,1424
"30015",5970,5506,-464
"30017",11696,11224,-472
"30019",2017,1673,-344
"30021",9059,8548,-511
"30023",9417,8866,-551
"30025",2837,2757,-80
"30027",11893,11417,-476
"30029",74471,90959,16488
"30031",67831,92941,25110
"30033",1279,1189,-90
"30035",13247,13237,-10
"30037",1042,1070,28
"30039",2830,2767,-63
"30041",16673,16447,-226
"30043",10049,11523,1474
"30045",2329,2159,-170
"30047",26507,28755,2248
"30049",55716,61962,6246
"30051",2158,2000,-158
"30053",18837,19063,226
"30055",1977,1717,-260
"30057",6851,7571,720
"30059",1932,1852,-80
"30061",3884,3920,36
"30063",95802,109336,13534
"30065",4497,4530,33
"30067",15694,16423,729
"30069",493,481,-12
"30071",4601,4296,-305
"30073",6424,5922,-502
"30075",1858,1727,-131
"30077",7180,7194,14
"30079",1199,1087,-112
"30081",36070,41551,5481
"30083",9667,9408,-259
"30085",10620,10103,-517
"30087",9383,9240,-143
"30089",10227,11232,1005
"30091",4105,3272,-833
"30093",34606,33067,-1539
"30095",8195,8931,736
"30097",3609,3795,186
"30099",6445,6123,-322
"30101",5267,5208,-59
"30103",861,774,-87
"30105",7675,6951,-724
"30107",2259,2082,-177
"30109",1068,934,-134
"30111",129352,145022,15670
"31001",31151,33200,2049
"31003",7452,6772,-680
"31005",444,394,-50
"31007",819,777,-42
"31009",583,527,-56
"31011",6259,5865,-394
"31013",12158,11075,-1083
"31015",2438,2178,-260
"31017",3525,3262,-263
"31019",42259,46144,3885
"31021",7791,7114,-677
"31023",8767,8428,-339
"31025",24334,26337,2003
"31027",9615,8568,-1047
"31029",4068,3730,-338
"31031",6148,5824,-324
"31033",9830,10063,233
"31035",7039,6977,-62
"31037",10441,10447,6
"31039",10203,9652,-551
"31041",11793,10866,-927
"31043",20253,20361,108
"31045",9060,8611,-449
"31047",24365,24680,315
"31049",2098,1958,-140
"31051",6339,6188,-151
"31053",36160,36105,-55
"31055",463585,510409,46824
"31057",2292,2130,-162
"31059",6634,6046,-588
"31061",3574,3298,-276
"31063",3099,2773,-326
"31065",5324,5047,-277
"31067",22993,23143,150
"31069",2292,2124,-168
"31071",1902,1718,-184
"31073",2143,1973,-170
"31075",747,665,-82
"31077",2714,2446,-268
"31079",53534,56949,3415
"31081",9403,9435,32
"31083",3786,3502,-284
"31085",1068,1006,-62
"31087",3111,2870,-241
"31089",11551,10421,-1130
"31091",783,746,-37
"31093",6567,6781,214
"31095",8333,7817,-516
"31097",4488,4672,184
"31099",6882,6561,-321
"31101",8875,8159,-716
"31103",983,939,-44
"31105",4089,3826,-263
"31107",9374,8703,-671
"31109",250291,284868,34577
"31111",34632,36061,1429
"31113",774,732,-42
"31115",712,718,6
"31117",533,518,-15
"31119",35226,34207,-1019
"31121",8204,7849,-355
"31123",5440,5098,-342
"31125",4038,3632,-406
"31127",7576,7151,-425
"31129",5057,4443,-614
"31131",15396,15756,360
"31133",3087,2861,-226
"31135",3200,3119,-81
"31137",9747,9179,-568
"31139",7857,7450,-407
"31141",31662,32372,710
"31143",5639,5496,-143
"31145",11448,10697,-751
"31147",9531,8691,-840
"31149",1756,1558,-198
"31151",13843,13963,120
"31153",122595,158836,36241
"31155",19830,20838,1008
"31157",36951,36774,-177
"31159",16496,17039,543
"31161",6198,5506,-692
"31163",3318,3114,-204
"31165",1475,1371,-104
"31167",6455,6438,-17
"31169",6055,5272,-783
"31171",729,560,-169
"31173",7171,7173,2
"31175",4647,4399,-248
"31177",18780,20206,1426
"31179",9851,9393,-458
"31181",4061,3793,-268
"31183",886,814,-72
"31185",14598,14266,-332
"32001",23982,25515,1533
"32003",1375765,1976256,600491
"32005",41259,50015,8756
"32007",45291,48694,3403
"32009",971,953,-18
"32011",1651,1638,-13
"32013",16106,17941,1835
"32015",5794,5303,-491
"32017",4165,4829,664
"32019",34501,56954,22453
"32021",5071,4674,-397
"32023",32485,47120,14635
"32027",6693,6296,-397
"32029",3399,4550,1151
"32031",339486,433045,93559
"32033",9181,9220,39
"32510",52457,55291,2834
"33001",56325,62193,5868
"33003",43666,48316,4650
"33005",73825,77492,3667
"33007",33111,32143,-968
"33009",81743,87242,5499
"33011",380841,404021,23180
"33013",136225,149708,13483
"33015",277359,301916,24557
"33017",112233,123837,11604
"33019",40458,43047,2589
"34001",252552,276846,24294
"34003",884118,910386,26268
"34005",423394,452064,28670
"34007",508932,519806,10874
"34009",102326,100384,-1942
"34011",146438,158434,11996
"34013",793633,783531,-10102
"34015",254673,294832,40159
"34017",608975,607650,-1325
"34019",121989,130174,8185
"34021",350761,371697,20936
"34023",750162,794605,44443
"34025",615301,649429,34128
"34027",470212,496157,25945
"34029",510916,578728,67812
"34031",489049,500140,11091
"34033",64285,66841,2556
"34035",297490,333075,35585
"34037",144166,154403,10237
"34039",522541,531112,8571
"34041",102437,112079,9642
"35001",556678,663373,106695
"35003",3543,3540,-3
"35005",61382,64132,2750
"35006",25595,28106,2511
"35007",14189,14142,-47
"35009",45044,47425,2381
"35011",2240,2251,11
"35013",174682,215179,40497
"35015",51658,52750,1092
"35017",31002,31237,235
"35019",4680,4553,-127
"35021",810,760,-50
"35023",5932,5464,-468
"35025",55511,60926,5415
"35027",19411,22155,2744
"35028",18343,19190,847
"35029",25016,28068,3052
"35031",74798,76155,1357
"35033",5180,5355,175
"35035",62298,65579,3281
"35037",10155,9556,-599
"35039",41190,41366,176
"35041",18018,19135,1117
"35043",89908,131822,41914
"35045",113801,130183,16382
"35047",30126,30019,-107
"35049",129292,147864,18572
"35051",13270,13050,-220
"35053",18078,18756,678
"35055",29979,32370,2391
"35057",16911,17106,195
"35059",4174,3959,-215
"35061",66152,74513,8361
"36001",294565,299469,4904
"36003",49927,49592,-335
"36005",1332650,1390745,58095
"36007",200536,195793,-4743
"36009",83955,80062,-3893
"36011",81963,79417,-2546
"36013",139750,133857,-5893
"36015",91070,88051,-3019
"36017",51401,51564,163
"36019",79894,82997,3103
"36021",63094,62952,-142
"36023",48599,48305,-294
"36025",48055,46546,-1509
"36027",280150,296856,16706
"36029",950265,913627,-36638
"36031",38851,38304,-547
"36033",51134,50844,-290
"36035",55073,55530,457
"36037",60370,58231,-2139
"36039",48195,49557,1362
"36041",5379,5009,-370
"36043",64427,62528,-1899
"36045",111738,118691,6953
"36047",2465326,2567699,102373
"36049",26944,26244,-700
"36051",64328,64307,-21
"36053",69441,70018,577
"36055",735343,737047,1704
"36057",49708,48753,-955
"36059",1334544,1337619,3075
"36061",1537195,1643382,106187
"36063",219846,213897,-5949
"36065",235469,232317,-3152
"36067",458336,456176,-2160
"36069",100224,106272,6048
"36071",341367,386178,44811
"36073",44171,42519,-1652
"36075",122377,121448,-929
"36077",61676,62541,865
"36079",95745,100061,4316
"36081",2229379,2306637,77258
"36083",152538,155936,3398
"36085",443728,489884,46156
"36087",286753,296781,10028
"36089",111931,109750,-2181
"36091",200635,221733,21098
"36093",146555,151809,5254
"36095",31582,31856,274
"36097",19224,18999,-225
"36099",33342,34258,916
"36101",98726,97003,-1723
"36103",1419369,1492400,73031
"36105",73966,76773,2807
"36107",51784,50862,-922
"36109",96501,102658,6157
"36111",177749,184990,7241
"36113",63303,66795,3492
"36115",61042,63690,2648
"36117",93765,92103,-1662
"36119",923459,956959,33500
"36121",43424,42029,-1395
"36123",24621,24821,200
"37001",130800,150355,19555
"37003",33603,37526,3923
"37005",10677,11244,567
"37007",25275,25341,66
"37009",24384,26861,2477
"37011",17167,18082,915
"37013",44958,46951,1993
"37015",19773,20019,246
"37017",32278,32577,299
"37019",73143,113235,40092
"37021",206330,235069,28739
"37023",89148,90059,911
"37025",131063,179310,48247
"37027",77415,81180,3765
"37029",6885,10301,3416
"37031",59383,64494,5111
"37033",23501,23493,-8
"37035",141685,159731,18046
"37037",49329,64256,14927
"37039",24298,27557,3259
"37041",14526,14807,281
"37043",8775,10853,2078
"37045",96287,99430,3143
"37047",54749,54899,150
"37049",91436,99813,8377
"37051",302963,324167,21204
"37053",18190,24830,6640
"37055",29967,34007,4040
"37057",147246,161188,13942
"37059",34835,42137,7302
"37061",49063,54388,5325
"37063",223314,270938,47624
"37065",55606,52057,-3549
"37067",306067,353339,47272
"37069",47260,60792,13532
"37071",190365,210477,20112
"37073",10516,12160,1644
"37075",7993,8040,47
"37077",48498,59205,10707
"37079",18974,21331,2357
"37081",421048,485583,64535
"37083",57370,55202,-2168
"37085",91025,115536,24511
"37087",54033,57922,3889
"37089",89173,106932,17759
"37091",22601,23672,1071
"37093",33646,46265,12619
"37095",5826,5428,-398
"37097",122660,163072,40412
"37099",33121,38012,4891
"37101",121965,174426,52461
"37103",10381,10288,-93
"37105",49040,60038,10998
"37107",59648,57180,-2468
"37109",63780,78115,14335
"37111",42151,44846,2695
"37113",29811,34465,4654
"37115",19635,20995,1360
"37117",25593,23823,-1770
"37119",695454,937963,242509
"37121",15687,16015,328
"37123",26822,27572,750
"37125",74769,88177,13408
"37127",87420,95531,8111
"37129",160307,199320,39013
"37131",22086,21041,-1045
"37133",150355,172836,22481
"37135",118227,131514,13287
"37137",12934,12853,-81
"37139",34897,42443,7546
"37141",41082,54546,13464
"37143",11368,13145,1777
"37145",35623,38155,2532
"37147",133798,162304,28506
"37149",18324,19435,1111
"37151",130454,143505,13051
"37153",46564,46893,329
"37155",123339,132092,8753
"37157",91928,92558,630
"37159",130340,142013,11673
"37161",62899,63969,1070
"37163",60161,65513,5352
"37165",35998,37059,1061
"37167",58100,60892,2792
"37169",44711,46807,2096
"37171",71219,73271,2052
"37173",12968,13902,934
"37175",29334,31327,1993
"37177",4149,4244,95
"37179",123677,207572,83895
"37181",42954,43297,343
"37183",627846,927140,299294
"37185",19972,19843,-129
"37187",13723,12996,-727
"37189",42695,46678,3983
"37191",113329,115330,2001
"37193",65632,67430,1798
"37195",73814,79228,5414
"37197",36348,38405,2057
"37199",17774,18941,1167
"38001",2593,2379,-214
"38003",11775,10994,-781
"38005",6964,6994,30
"38007",888,813,-75
"38009",7149,6526,-623
"38011",3242,3127,-115
"38013",2242,2079,-163
"38015",69416,81102,11686
"38017",123138,144918,21780
"38019",4831,4110,-721
"38021",5757,5317,-440
"38023",2283,2088,-195
"38025",3600,3403,-197
"38027",2757,2472,-285
"38029",4331,4028,-303
"38031",3759,3494,-265
"38033",1924,1729,-195
"38035",66109,66540,431
"38037",2841,2585,-256
"38039",2754,2514,-240
"38041",2715,2521,-194
"38043",2753,2506,-247
"38045",4701,4511,-190
"38047",2308,2082,-226
"38049",5987,5754,-233
"38051",3390,3215,-175
"38053",5737,5790,53
"38055",9311,8704,-607
"38057",8644,8108,-536
"38059",25303,27245,1942
"38061",6631,6660,29
"38063",3715,3480,-235
"38065",2065,1954,-111
"38067",8585,8209,-376
"38069",4675,4168,-507
"38071",12066,11238,-828
"38073",5890,5817,-73
"38075",2610,2346,-264
"38077",17998,16759,-1239
"38079",13674,13906,232
"38081",4366,4155,-211
"38083",1710,1572,-138
"38085",4044,4333,289
"38087",767,732,-35
"38089",22636,23167,531
"38091",2258,2181,-77
"38093",21908,20544,-1364
"38095",2876,2685,-191
"38097",8477,8217,-260
"38099",12389,11355,-1034
"38101",58795,56493,-2302
"38103",5102,4483,-619
"38105",19761,20092,331
"39001",27330,27705,375
"39003",108473,105209,-3264
"39005",52523,55765,3242
"39007",102728,101953,-775
"39009",62223,62713,490
"39011",46611,47312,701
"39013",70226,68014,-2212
"39015",42285,45652,3367
"39017",332807,369006,36199
"39019",28836,28597,-239
"39021",38890,39986,1096
"39023",144742,139655,-5087
"39025",177977,201460,23483
"39027",40543,43575,3032
"39029",112075,109067,-3008
"39031",36655,35926,-729
"39033",46966,44175,-2791
"39035",1393978,1290487,-103491
"39037",53309,52444,-865
"39039",39500,39134,-366
"39041",109989,172233,62244
"39043",79551,77675,-1876
"39045",122759,144870,22111
"39047",28433,28672,239
"39049",1068978,1148954,79976
"39051",42084,42973,889
"39053",31069,30365,-704
"39055",90895,96200,5305
"39057",147886,160329,12443
"39059",40792,40515,-277
"39061",845303,838497,-6806
"39063",71295,75767,4472
"39065",31945,31976,31
"39067",15856,15477,-379
"39069",29210,29114,-96
"39071",40875,42764,1889
"39073",28241,29043,802
"39075",38943,41769,2826
"39077",59487,60350,863
"39079",32641,33728,1087
"39081",73894,68479,-5415
"39083",54500,60626,6126
"39085",227511,236192,8681
"39087",62319,62396,77
"39089",145491,162628,17137
"39091",46005,47107,1102
"39093",284664,310542,25878
"39095",455054,443317,-11737
"39097",40213,42530,2317
"39099",257555,239668,-17887
"39101",66217,66141,-76
"39103",151095,176919,25824
"39105",23072,22590,-482
"39107",40924,41491,567
"39109",98868,101583,2715
"39111",15180,14295,-885
"39113",559062,536957,-22105
"39115",14897,14646,-251
"39117",31628,34925,3297
"39119",84585,85714,1129
"39121",14058,14432,374
"39123",40985,40689,-296
"39125",20293,19470,-823
"39127",34078,35526,1448
"39129",52727,55787,3060
"39131",27695,28435,740
"39133",152061,158263,6202
"39135",42337,42027,-310
"39137",34726,34905,179
"39139",128852,126600,-2252
"39141",73345,77023,3678
"39143",61792,60975,-817
"39145",79195,76734,-2461
"39147",58683,56843,-1840
"39149",47910,49437,1527
"39151",378098,382216,4118
"39153",542899,545821,2922
"39155",225116,211694,-13422
"39157",90914,91740,826
"39159",40909,50455,9546
"39161",29659,28940,-719
"39163",12806,13311,505
"39165",158383,218448,60065
"39167",63251,61607,-1644
"39169",111564,116278,4714
"39171",39188,38682,-506
"39173",121065,128175,7110
"39175",22908,22640,-268
"40001",21038,22162,1124
"40003",6105,5794,-311
"40005",13879,14749,870
"40007",5857,5669,-188
"40009",19799,19877,78
"40011",11976,12761,785
"40013",36534,40577,4043
"40015",30150,29485,-665
"40017",87697,110956,23259
"40019",45621,48251,2630
"40021",42521,46013,3492
"40023",15342,14925,-417
"40025",3148,2913,-235
"40027",208016,249459,41443
"40029",6031,5821,-210
"40031",114996,114230,-766
"40033",6614,6373,-241
"40035",14950,15118,168
"40037",67367,71298,3931
"40039",26142,26408,266
"40041",37077,41240,4163
"40043",4743,4524,-219
"40045",4075,4085,10
"40047",57813,58708,895
"40049",27210,27471,261
"40051",45516,51819,6303
"40053",5144,4654,-490
"40055",6061,5812,-249
"40057",3283,2993,-290
"40059",3562,3277,-285
"40061",11792,12249,457
"40063",14154,13624,-530
"40065",28439,25401,-3038
"40067",6818,6384,-434
"40069",10513,10408,-105
"40071",48080,46418,-1662
"40073",13926,14598,672
"40075",10227,9528,-699
"40077",10692,10524,-168
"40079",48109,50510,2401
"40081",32080,32462,382
"40083",33924,39424,5500
"40085",8831,9296,465
"40087",27740,33940,6200
"40089",34402,33836,-566
"40091",19456,19895,439
"40093",7545,7249,-296
"40095",13184,14692,1508
"40097",38369,40380,2011
"40099",12623,12773,150
"40101",69451,71989,2538
"40103",11411,11199,-212
"40105",10569,10899,330
"40107",11814,11153,-661
"40109",660448,724828,64380
"40111",39685,39493,-192
"40113",44437,46470,2033
"40115",33194,32218,-976
"40117",16612,16507,-105
"40119",68190,77708,9518
"40121",43953,45569,1616
"40123",35143,36906,1763
"40125",65521,70858,5337
"40127",11667,11776,109
"40129",3436,3479,43
"40131",70641,88052,17411
"40133",24894,24611,-283
"40135",38972,41724,2752
"40137",43182,43977,795
"40139",20107,21048,941
"40141",9287,8409,-878
"40143",563299,606718,43419
"40145",57491,72715,15224
"40147",48996,50820,1824
"40149",11508,11676,168
"40151",9089,8448,-641
"40153",18486,19981,1495
"41001",16741,16329,-412
"41003",78153,84791,6638
"41005",338391,384785,46394
"41007",35630,37546,1916
"41009",43560,49615,6055
"41011",62779,63281,502
"41013",19182,25089,5907
"41015",21137,21589,452
"41017",115367,168710,53343
"41019",100399,106128,5729
"41021",1915,1851,-64
"41023",7935,7485,-450
"41025",7609,7281,-328
"41027",20411,22344,1933
"41029",181269,208541,27272
"41031",19009,21828,2819
"41033",75726,83853,8127
"41035",63775,66425,2650
"41037",7422,7363,-59
"41039",322959,349631,26672
"41041",44479,45517,1038
"41043",103069,115948,12879
"41045",31615,31485,-130
"41047",284834,320841,36007
"41049",10995,12371,1376
"41051",660486,732144,71658
"41053",62380,74431,12051
"41055",1934,1881,-53
"41057",24262,25738,1476
"41059",70548,73398,2850
"41061",24530,25249,719
"41063",7226,6989,-237
"41065",23791,24117,326
"41067",445342,539618,94276
"41069",1547,1562,15
"41071",84992,100085,15093
"42001",91292,102759,11467
"42003",1281666,1220731,-60935
"42005",72392,68991,-3401
"42007",181412,174138,-7274
"42009",49984,49774,-210
"42011",373638,410288,36650
"42013",129144,125955,-3189
"42015",62761,61966,-795
"42017",597635,629627,31992
"42019",174083,186847,12764
"42021",152598,145348,-7250
"42023",5974,5252,-722
"42025",58802,63859,5057
"42027",135758,146264,10506
"42029",433501,504946,71445
"42031",41765,40499,-1266
"42033",83382,83248,-134
"42035",37914,37257,-657
"42037",64151,65875,1724
"42039",90366,89185,-1181
"42041",213674,234508,20834
"42043",251798,259828,8030
"42045",550864,558034,7170
"42047",35112,32583,-2529
"42049",280843,279906,-937
"42051",148644,145536,-3108
"42053",4946,6900,1954
"42055",129313,147089,17776
"42057",14261,15016,755
"42059",40672,39622,-1050
"42061",45586,45533,-53
"42063",89605,87927,-1678
"42065",45932,45343,-589
"42067",22821,23497,676
"42069",213295,208866,-4429
"42071",470658,509865,39207
"42073",94643,90839,-3804
"42075",120327,131099,10772
"42077",312090,346455,34365
"42079",319250,315066,-4184
"42081",120044,116542,-3502
"42083",45936,43660,-2276
"42085",120293,117398,-2895
"42087",46486,46313,-173
"42089",138687,171191,32504
"42091",750097,785992,35895
"42093",18236,17962,-274
"42095",267066,299767,32701
"42097",94556,91581,-2975
"42099",43602,45900,2298
"42101",1517550,1440459,-77091
"42103",46302,61948,15646
"42105",18080,17495,-585
"42107",150336,148853,-1483
"42109",37546,38244,698
"42111",80023,78485,-1538
"42113",6556,6264,-292
"42115",42238,41231,-1007
"42117",41373,40779,-594
"42119",41624,44293,2669
"42121",57565,55112,-2453
"42123",43863,40631,-3232
"42125",202897,210285,7388
"42127",47722,53156,5434
"42129",369993,362461,-7532
"42131",28080,28067,-13
"42133",381751,434017,52266
"44001",50648,50329,-319
"44003",167090,169355,2265
"44005",85433,80527,-4906
"44007",621602,628471,6869
"44009",123546,129730,6184
"45001",26167,25916,-251
"45003",142552,157068,14516
"45005",11211,10678,-533
"45007",165740,188227,22487
"45009",16658,15647,-1011
"45011",23478,23224,-254
"45013",120937,163012,42075
"45015",142651,175573,32922
"45017",15185,15660,475
"45019",309969,361569,51600
"45021",52537,55063,2526
"45023",34068,33146,-922
"45025",42768,43753,985
"45027",32502,34508,2006
"45029",38264,39678,1414
"45031",67394,67389,-5
"45033",30722,30941,219
"45035",96413,134691,38278
"45037",24595,26391,1796
"45039",23454,24241,787
"45041",125761,136016,10255
"45043",55797,64020,8223
"45045",379616,453966,74350
"45047",66271,70122,3851
"45049",21386,21122,-264
"45051",196629,279428,82799
"45053",20678,23438,2760
"45055",52647,61757,9110
"45057",61351,76643,15292
"45059",69567,71133,1566
"45061",20119,20260,141
"45063",216014,257183,41169
"45065",9958,10338,380
"45067",35466,34336,-1130
"45069",28818,28995,177
"45071",36108,38285,2177
"45073",66215,73681,7466
"45075",91582,91486,-96
"45077",110757,118997,8240
"45079",320677,380494,59817
"45081",19181,19157,-24
"45083",253791,289999,36208
"45085",104646,104976,330
"45087",29881,28233,-1648
"45089",37217,36494,-723
"45091",164614,232815,68201
"46003",3058,2952,-106
"46005",17023,16013,-1010
"46007",3574,3535,-39
"46009",7260,7233,-27
"46011",28220,30558,2338
"46013",35460,35586,126
"46015",5364,5270,-94
"46017",2032,2152,120
"46019",9094,9813,719
"46021",1782,1421,-361
"46023",9350,9069,-281
"46025",4143,3697,-446
"46027",13537,13770,233
"46029",25897,26809,912
"46031",4181,4164,-17
"46033",7275,8167,892
"46035",18741,19296,555
"46037",6267,5726,-541
"46039",4498,4421,-77
"46041",5972,6006,34
"46043",3458,3241,-217
"46045",4367,4176,-191
"46047",7453,7383,-70
"46049",2640,2638,-2
"46051",7847,7277,-570
"46053",4792,4349,-443
"46055",2196,1889,-307
"46057",5540,5868,328
"46059",3741,3331,-410
"46061",3139,3611,472
"46063",1353,1185,-168
"46065",16481,16947,466
"46067",8075,7581,-494
"46069",1671,1648,-23
"46071",2930,2794,-136
"46073",2295,2121,-174
"46075",1193,1077,-116
"46077",5815,5559,-256
"46079",11276,11895,619
"46081",21802,23944,2142
"46083",24131,42727,18596
"46085",3895,3858,-37
"46087",5832,5737,-95
"46089",2904,2610,-294
"46091",4576,4440,-136
"46093",24253,24937,684
"46095",2083,2038,-45
"46097",2884,2578,-306
"46099",148281,183620,35339
"46101",6595,6565,-30
"46103",88565,101431,12866
"46105",3363,2924,-439
"46107",2693,2374,-319
"46109",10016,9925,-91
"46111",2675,2497,-178
"46113",12466,13776,1310
"46115",7454,6707,-747
"46117",2772,2808,36
"46119",1556,1559,3
"46121",9050,10360,1310
"46123",6430,5805,-625
"46125",8849,8720,-129
"46127",12584,14810,2226
"46129",5974,5484,-490
"46135",21652,22208,556
"46137",2519,2593,74
"47001",71330,74852,3522
"47003",37586,46336,8750
"47005",16537,16313,-224
"47007",12367,13177,810
"47009",105823,124183,18360
"47011",87965,99366,11401
"47013",39854,41487,1633
"47015",12826,13949,1123
"47017",29475,28958,-517
"47019",56742,59771,3029
"47021",35912,41261,5349
"47023",15540,16469,929
"47025",29862,32064,2202
"47027",7976,7945,-31
"47029",33565,35813,2248
"47031",48014,52955,4941
"47033",14532,14341,-191
"47035",46802,54701,7899
"47037",569891,635962,66071
"47039",11731,11501,-230
"47041",17423,18707,1284
"47043",43156,49299,6143
"47045",37279,37750,471
"47047",28806,39371,10565
"47049",16625,17845,1220
"47051",39270,42128,2858
"47053",48152,49869,1717
"47055",29447,29389,-58
"47057",20659,22949,2290
"47059",62909,67500,4591
"47061",14332,14224,-108
"47063",58128,62975,4847
"47065",307896,337793,29897
"47067",6786,6740,-46
"47069",28105,27911,-194
"47071",25578,26440,862
"47073",53563,58220,4657
"47075",19797,19268,-529
"47077",25522,27167,1645
"47079",31115,31789,674
"47081",22295,24010,1715
"47083",8088,8286,198
"47085",17929,18407,478
"47087",10984,10981,-3
"47089",44294,52788,8494
"47091",17499,18455,956
"47093",382032,436439,54407
"47095",7954,7285,-669
"47097",27101,26989,-112
"47099",39926,41203,1277
"47101",11367,11684,317
"47103",31340,33244,1904
"47105",39086,47425,8339
"47107",49015,52550,3535
"47109",24653,25988,1335
"47111",20386,22157,1771
"47113",91837,98801,6964
"47115",27776,29180,1404
"47117",26767,30604,3837
"47119",69498,85391,15893
"47121",11086,12133,1047
"47123",38961,46215,7254
"47125",134768,163623,28855
"47127",5740,6345,605
"47129",19757,20393,636
"47131",32450,31655,-795
"47133",20118,20967,849
"47135",7631,7767,136
"47137",4945,4789,-156
"47139",16050,16036,-14
"47141",62315,73470,11155
"47143",28400,31505,3105
"47145",51910,54142,2232
"47147",54433,67398,12965
"47149",182023,266426,84403
"47151",21127,22541,1414
"47153",11370,13733,2363
"47155",71170,87928,16758
"47157",897472,928833,31361
"47159",17712,19349,1637
"47161",12370,13288,918
"47163",153048,156058,3010
"47165",130449,162527,32078
"47167",51271,62090,10819
"47169",7259,8038,779
"47171",17667,17723,56
"47173",17808,19845,2037
"47175",5508,5692,184
"47177",38276,40110,1834
"47179",107198,121785,14587
"47181",16842,16790,-52
"47183",34895,33749,-1146
"47185",23102,25184,2082
"47187",126638,183297,56659
"47189",88809,114401,25592
"48001",55109,56907,1798
"48003",13004,14169,1165
"48005",80130,83810,3680
"48007",22497,25715,3218
"48009",8854,9313,459
"48011",2148,2194,46
"48013",38628,45110,6482
"48015",23590,27516,3926
"48017",6594,6319,-275
"48019",17645,20991,3346
"48021",57733,76611,18878
"48023",4093,3763,-330
"48025",32359,32888,529
"48027",237974,300688,62714
"48029",1392931,1679172,286241
"48031",8418,9463,1045
"48033",729,698,-31
"48035",17204,18259,1055
"48037",89306,94832,5526
"48039",241767,316929,75162
"48041",152415,182435,30020
"48043",8866,9337,471
"48045",1790,1658,-132
"48047",7976,7676,-300
"48049",37674,38784,1110
"48051",16470,17472,1002
"48053",34147,45490,11343
"48055",32194,37087,4893
"48057",20647,20922,275
"48059",12905,13612,707
"48061",335227,404699,69472
"48063",11549,12907,1358
"48065",6516,6333,-183
"48067",30438,29908,-530
"48069",8285,7361,-924
"48071",26031,33630,7599
"48073",46659,48997,2338
"48075",7688,7640,-48
"48077",11006,10913,-93
"48079",3730,3238,-492
"48081",3864,3692,-172
"48083",9235,8637,-598
"48085",491675,810069,318394
"48087",3206,3037,-169
"48089",20390,21362,972
"48091",78021,118595,40574
"48093",14026,13957,-69
"48095",3966,3839,-127
"48097",36363,39306,2943
"48099",74978,75704,726
"48101",1904,1695,-209
"48103",3996,4174,178
"48105",4099,4067,-32
"48107",7072,6351,-721
"48109",2975,2464,-511
"48111",6222,6351,129
"48113",2218899,2449107,230208
"48115",14985,13899,-1086
"48117",18561,18825,264
"48119",5327,5495,168
"48121",432976,683437,250461
"48123",20013,19796,-217
"48125",2762,2566,-196
"48127",10248,9967,-281
"48129",3828,3871,43
"48131",13120,12076,-1044
"48133",18297,18207,-90
"48135",121123,134891,13768
"48137",2162,2002,-160
"48139",111360,156809,45449
"48141",679622,765357,85735
"48143",33001,35882,2881
"48145",18576,17182,-1394
"48147",31242,34139,2897
"48149",21804,23481,1677
"48151",4344,4042,-302
"48153",7771,6892,-879
"48155",1622,1438,-184
"48157",354452,577874,223422
"48159",9458,10841,1383
"48161",17867,19498,1631
"48163",16252,16416,164
"48165",14467,15461,994
"48167",250158,297386,47228
"48169",4872,6102,1230
"48171",20814,24657,3843
"48173",1406,1288,-118
"48175",6928,7294,366
"48177",18628,19209,581
"48179",22744,22463,-281
"48181",110595,120326,9731
"48183",111379,119076,7697
"48185",23552,26098,2546
"48187",89023,124673,35650
"48189",36602,35071,-1531
"48191",3782,3434,-348
"48193",8229,8311,82
"48195",5369,5317,-52
"48197",4724,4240,-484
"48199",48073,52994,4921
"48201",3400578,4160010,759432
"48203",62110,64427,2317
"48205",5537,5559,22
"48207",6093,5386,-707
"48209",97589,160798,63209
"48211",3351,3476,125
"48213",73277,79663,6386
"48215",569463,764406,194943
"48217",32321,36003,3682
"48219",22716,22344,-372
"48221",41100,52747,11647
"48223",31960,34263,2303
"48225",23185,23163,-22
"48227",33627,33702,75
"48229",3344,3298,-46
"48231",76596,84277,7681
"48233",23857,22136,-1721
"48235",1771,1755,-16
"48237",8763,8841,78
"48239",14391,14569,178
"48241",35604,34760,-844
"48243",2207,2441,234
"48245",252051,246120,-5931
"48247",5281,5068,-213
"48249",39326,41468,2142
"48251",126811,158595,31784
"48253",20785,19765,-1020
"48255",15446,15193,-253
"48257",71313,108009,36696
"48259",23743,35359,11616
"48261",414,382,-32
"48263",859,790,-69
"48265",43653,48821,5168
"48267",4468,4542,74
"48269",356,324,-32
"48271",3379,3209,-170
"48273",31549,30971,-578
"48275",4253,3734,-519
"48277",48499,49681,1182
"48279",14709,13953,-756
"48281",17762,21509,3747
"48283",5866,5903,37
"48285",19210,19024,-186
"48287",15657,16807,1150
"48289",15335,17031,1696
"48291",70154,76782,6628
"48293",22051,22424,373
"48295",3057,3050,-7
"48297",12309,11788,-521
"48299",17044,19419,2375
"48301",67,56,-11
"48303",242628,270003,27375
"48305",6550,5884,-666
"48307",8205,7990,-215
"48309",213517,232003,18486
"48311",851,856,5
"48313",12940,13674,734
"48315",10941,10601,-340
"48317",4746,4825,79
"48319",3738,3907,169
"48321",37957,37565,-392
"48323",47297,53785,6488
"48325",39304,45252,5948
"48327",2360,2257,-103
"48329",116009,133025,17016
"48331",24238,25444,1206
"48333",5151,5206,55
"48335",9698,9221,-477
"48337",19117,20057,940
"48339",293768,463012,169244
"48341",20121,20537,416
"48343",13048,13011,-37
"48345",1426,1329,-97
"48347",59203,63010,3807
"48349",45124,49930,4806
"48351",15072,14285,-787
"48353",15802,15185,-617
"48355",313645,329298,15653
"48357",9006,9830,824
"48359",2185,2157,-28
"48361",84966,84766,-200
"48363",27026,27510,484
"48365",22756,23152,396
"48367",88495,117419,28924
"48369",10016,9471,-545
"48371",16809,16776,-33
"48373",41133,46488,5355
"48375",113546,123428,9882
"48377",7304,7922,618
"48379",9139,11422,2283
"48381",104312,117006,12694
"48383",3326,3158,-168
"48385",3047,3067,20
"48387",14314,13347,-967
"48389",13137,12685,-452
"48391",7828,7400,-428
"48393",887,857,-30
"48395",16000,15731,-269
"48397",43080,84308,41228
"48399",11495,10717,-778
"48401",47372,49316,1944
"48403",10469,10437,-32
"48405",8946,8709,-237
"48407",22246,25717,3471
"48409",67138,69566,2428
"48411",6186,5984,-202
"48413",2935,2856,-79
"48415",16361,16060,-301
"48417",3302,3274,-28
"48419",25224,26610,1386
"48421",3186,3185,-1
"48423",174706,206167,31461
"48425",6809,8263,1454
"48427",53597,63945,10348
"48429",9674,9598,-76
"48431",1393,1284,-109
"48433",1693,1543,-150
"48435",4077,4260,183
"48437",8378,7871,-507
"48439",1446219,1822743,376524
"48441",126555,127802,1247
"48443",1081,979,-102
"48445",12761,12107,-654
"48447",1850,1682,-168
"48449",28118,30355,2237
"48451",104010,107766,3756
"48453",812280,1059415,247135
"48455",13779,14148,369
"48457",20871,20950,79
"48459",35291,38421,3130
"48461",3404,3310,-94
"48463",25926,26618,692
"48465",44856,48703,3847
"48467",48140,53223,5083
"48469",84088,88358,4270
"48471",61758,65716,3958
"48473",32663,38157,5494
"48475",10909,10817,-92
"48477",30373,32835,2462
"48479",193117,248863,55746
"48481",41188,41755,567
"48483",5284,4852,-432
"48485",131664,128829,-2835
"48487",14676,14112,-564
"48489",20082,20938,856
"48491",249967,431482,181515
"48493",32408,42248,9840
"48495",7173,7013,-160
"48497",48793,60659,11866
"48499",36752,43768,7016
"48501",7322,7678,356
"48503",17943,17933,-10
"48505",12182,14424,2242
"48507",11600,11843,243
"49001",6005,6402,397
"49003",42745,50352,7607
"49005",91391,116954,25563
"49007",20422,19916,-506
"49009",921,961,40
"49011",238994,311683,72689
"49013",14371,17389,3018
"49015",10860,10882,22
"49017",4735,5222,487
"49019",8485,9587,1102
"49021",33779,46759,12980
"49023",8238,10607,2369
"49025",6046,6911,865
"49027",12405,13219,814
"49029",7129,9813,2684
"49031",1435,1480,45
"49033",1961,2421,460
"49035",898387,1054175,155788
"49037",14413,15512,1099
"49039",22763,26708,3945
"49041",18842,20787,1945
"49043",29736,39516,9780
"49045",40735,59912,19177
"49047",25224,31504,6280
"49049",368536,547271,178735
"49051",15215,23056,7841
"49053",90354,145934,55580
"49055",2509,2717,208
"49057",196533,234099,37566
"50001",35974,37157,1183
"50003",36994,36653,-341
"50005",29702,30781,1079
"50007",146571,154745,8174
"50009",6459,6570,111
"50011",45417,48829,3412
"50013",6901,7725,824
"50015",23233,25302,2069
"50017",28226,29206,980
"50019",26277,27380,1103
"50021",63400,62891,-509
"50023",58039,59263,1224
"50025",44216,43122,-1094
"50027",57418,56454,-964
"51001",38305,38805,500
"51003",79236,97100,17864
"51005",17215,16678,-537
"51007",11400,13280,1880
"51009",31894,32893,999
"51011",13705,14922,1217
"51013",189453,215842,26389
"51015",65615,72027,6412
"51017",5048,4738,-310
"51019",60371,68548,8177
"51021",6871,7074,203
"51023",30496,33430,2934
"51025",18419,18189,-230
"51027",26978,24297,-2681
"51029",15623,16492,869
"51031",51078,53811,2733
"51033",22121,29023,6902
"51035",29245,29667,422
"51036",6926,7286,360
"51037",12472,12564,92
"51041",259903,314259,54356
"51043",12652,14695,2043
"51045",5091,5085,-6
"51047",34262,48571,14309
"51049",9017,9967,950
"51051",16395,16448,53
"51053",24533,27249,2716
"51057",9989,11293,1304
"51059",969749,1041236,71487
"51061",55139,68698,13559
"51063",13874,15339,1465
"51065",20047,26903,6856
"51067",47286,53266,5980
"51069",59209,77720,18511
"51071",16657,17091,434
"51073",34780,38615,3835
"51075",16863,21924,5061
"51077",17917,16139,-1778
"51079",15244,18652,3408
"51081",11560,12351,791
"51083",37355,36023,-1332
"51085",86320,101350,15030
"51087",262300,300523,38223
"51089",57930,54991,-2939
"51091",2536,2357,-179
"51093",29728,36330,6602
"51095",48102,66174,18072
"51097",6630,6814,184
"51099",16803,24313,7510
"51101",13146,16793,3647
"51103",11567,11613,46
"51105",23589,25371,1782
"51107",169599,308819,139220
"51109",25627,33935,8308
"51111",13146,13259,113
"51113",12520,14084,1564
"51115",9207,9292,85
"51117",32380,32540,160
"51119",9932,10750,818
"51121",83629,91780,8151
"51125",14445,15523,1078
"51127",13462,18753,5291
"51131",13093,13729,636
"51133",12259,13591,1332
"51135",15725,16112,387
"51137",25881,34758,8877
"51139",23177,24641,1464
"51141",19407,19347,-60
"51143",61745,62390,645
"51145",22377,28864,6487
"51147",19720,22096,2376
"51149",33047,37791,4744
"51153",280813,387988,107175
"51155",35127,34905,-222
"51157",6983,7230,247
"51159",8809,9555,746
"51161",85778,92707,6929
"51163",20808,22504,1696
"51165",67725,76551,8826
"51167",30308,29262,-1046
"51169",23403,23772,369
"51171",35075,42062,6987
"51173",33081,32178,-903
"51175",17482,19004,1522
"51177",90395,123398,33003
"51179",92446,128257,35811
"51181",6829,7284,455
"51183",12504,12356,-148
"51185",44598,44399,-199
"51187",31584,37403,5819
"51191",51103,54757,3654
"51193",16718,17744,1026
"51195",40123,42093,1970
"51197",27599,28817,1218
"51199",56297,64989,8692
"51510",128283,145210,16927
"51515",6299,6187,-112
"51520",17367,17619,252
"51530",6349,6544,195
"51540",45049,41314,-3735
"51550",199184,223279,24095
"51570",16897,17803,906
"51580",6303,6030,-273
"51590",48411,44749,-3662
"51595",5665,5778,113
"51600",21498,24723,3225
"51610",10377,11472,1095
"51620",8346,8556,210
"51630",19279,22915,3636
"51640",6837,6842,5
"51650",146437,146762,325
"51660",40468,46493,6025
"51670",22354,23344,990
"51678",6867,7215,348
"51680",65269,73430,8161
"51683",35135,36476,1341
"51685",10290,13364,3074
"51690",15416,14560,-856
"51700",180150,181614,1464
"51710",234403,236947,2544
"51720",3904,3860,-44
"51730",33740,31595,-2145
"51735",11566,12083,517
"51740",100565,99998,-567
"51750",15859,15711,-148
"51760",197790,201272,3482
"51770",94911,93391,-1520
"51775",24747,25550,803
"51790",23853,23859,6
"51800",63677,85224,21547
"51810",425257,436642,11385
"51820",19520,21537,2017
"51830",11998,13402,1404
"51840",23585,26243,2658
"53001",16428,18090,1662
"53003",20551,21653,1102
"53005",142475,170807,28332
"53007",66616,73307,6691
"53009",64525,71253,6728
"53011",345238,438000,92762
"53013",4064,4092,28
"53015",92948,101668,8720
"53017",32603,38069,5466
"53019",7260,7626,366
"53021",49347,78271,28924
"53023",2397,2239,-158
"53025",74698,87986,13288
"53027",67194,72097,4903
"53029",71558,81538,9980
"53031",25953,30024,4071
"53033",1737034,1936894,199860
"53035",231969,247319,15350
"53037",33362,40357,6995
"53039",19161,20646,1485
"53041",68600,75473,6873
"53043",10184,10534,350
"53045",49405,58781,9376
"53047",39564,40731,1167
"53049",20984,21372,388
"53051",11732,13023,1291
"53053",700820,812577,111757
"53055",14077,16030,1953
"53057",102979,121091,18112
"53059",9872,11029,1157
"53061",606024,712514,106490
"53063",417939,474320,56381
"53065",40066,43965,3899
"53067",207355,255549,48194
"53069",3824,4186,362
"53071",55180,59302,4122
"53073",166814,200841,34027
"53075",40740,42909,2169
"53077",222581,239987,17406
"54001",15557,15836,279
"54003",75905,107387,31482
"54005",25535,25003,-532
"54007",14702,14545,-157
"54009",25447,23637,-1810
"54011",96784,94890,-1894
"54013",7582,7388,-194
"54015",10330,10294,-36
"54017",7403,7331,-72
"54019",47579,47102,-477
"54021",7160,8681,1521
"54023",11299,12338,1039
"54025",34453,35024,571
"54027",20203,23365,3162
"54029",32667,30359,-2308
"54031",12669,13726,1057
"54033",68652,68991,339
"54035",28000,28366,366
"54037",42190,53955,11765
"54039",200073,189738,-10335
"54041",16919,17414,495
"54043",22108,22557,449
"54045",37710,35880,-1830
"54047",27329,23581,-3748
"54049",56598,56379,-219
"54051",35519,33276,-2243
"54053",25957,26040,83
"54055",62980,61724,-1256
"54057",27078,27389,311
"54059",28253,27051,-1202
"54061",81866,89989,8123
"54063",14583,13626,-957
"54065",14943,17369,2426
"54067",26562,26396,-166
"54069",47427,44027,-3400
"54071",8196,7787,-409
"54073",7514,7294,-220
"54075",9131,8398,-733
"54077",29334,32725,3391
"54079",51589,56991,5402
"54081",79220,80589,1369
"54083",28262,28333,71
"54085",10343,10320,-23
"54087",15446,15313,-133
"54089",12999,13417,418
"54091",16089,16308,219
"54093",7321,6798,-523
"54095",9592,9012,-580
"54097",23404,23728,324
"54099",42903,41414,-1489
"54101",9719,9610,-109
"54103",17693,16310,-1383
"54105",5873,5875,2
"54107",87986,86948,-1038
"54109",25708,24272,-1436
"55001",18643,21584,2941
"55003",16866,16439,-427
"55005",44963,47343,2380
"55007",15013,15662,649
"55009",226778,248965,22187
"55011",13804,13771,-33
"55013",15674,16544,870
"55015",40631,46482,5851
"55017",55195,62409,7214
"55019",33557,34387,830
"55021",52468,56704,4236
"55023",17243,17318,75
"55025",426526,495191,68665
"55027",85897,89632,3735
"55029",27961,29229,1268
"55031",43287,44351,1064
"55033",39858,44199,4341
"55035",93142,100085,6943
"55037",5088,4867,-221
"55039",97296,101946,4650
"55041",10024,10244,220
"55043",49597,50470,873
"55045",33647,36939,3292
"55047",19105,18811,-294
"55049",22780,24369,1589
"55051",6861,6533,-328
"55053",19100,20463,1363
"55055",74021,82623,8602
"55057",24316,27756,3440
"55059",149577,166062,16485
"55061",20187,21273,1086
"55063",107120,114572,7452
"55065",16137,16255,118
"55067",20740,21303,563
"55069",29641,30344,703
"55071",82887,83179,292
"55073",125834,135477,9643
"55075",43384,42383,-1001
"55077",15832,15562,-270
"55078",4562,4654,92
"55079",940164,954698,14534
"55081",40899,44651,3752
"55083",35634,39596,3962
"55085",36776,38003,1227
"55087",160971,178978,18007
"55089",82317,87420,5103
"55091",7213,7672,459
"55093",36804,41573,4769
"55095",41319,45719,4400
"55097",67182,70469,3287
"55099",15822,15337,-485
"55101",188831,199861,11030
"55103",17924,18048,124
"55105",152307,162597,10290
"55107",15347,15326,-21
"55109",63155,84935,21780
"55111",55225,61608,6383
"55113",16196,17665,1469
"55115",40664,42526,1862
"55117",112646,117176,4530
"55119",19680,19904,224
"55121",27010,28493,1483
"55123",28056,29794,1738
"55125",21033,22740,1707
"55127",93759,102499,8740
"55129",16036,17534,1498
"55131",117493,132769,15276
"55133",360767,385628,24861
"55135",51731,54291,2560
"55137",23154,25271,2117
"55139",156763,166657,9894
"55141",75555,75799,244
"56001",32014,33937,1923
"56003",11461,11524,63
"56005",33698,43053,9355
"56007",15639,15884,245
"56009",12052,13666,1614
"56011",5887,6787,900
"56013",35804,38896,3092
"56015",12538,12231,-307
"56017",4882,4705,-177
"56019",7075,8665,1590
"56021",81607,90490,8883
"56023",14573,17756,3183
"56025",66533,74581,8048
"56027",2407,2487,80
"56029",25786,28344,2558
"56031",8807,8494,-313
"56033",26560,29367,2807
"56035",5920,8640,2720
"56037",37613,41019,3406
"56039",18251,21172,2921
"56041",19742,21330,1588
"56043",8289,7966,-323
"56045",6644,7160,516
